940613,940627d940612
< 	5592921308094543680 8834 5522 1804210 28293
< 	5592921308094543680 8834 5782 91454 28293
< 	5592921308094543680 8834 10289 707492 28293
< 	5592921308094543680 8834 27828 1146691 28293
< 	5592921308094543680 8834 65251 1307517 28293
< 	5592921308094543680 8834 66593 2978039 28293
< 	5592921308094543680 8834 92893 2141934 28293
< 	5592921308094543680 8834 105314 1762404 28293
< 	5592921308094543680 8834 106348 1492107 28293
< 	5592921308094543680 8834 132606 1804217 28293
< 	5592921308094543680 8834 180896 2333215 28293
< 	5592921308094543680 8834 319162 3427806 28293
< 	5592921308094543680 8834 437989 2966539 28293
< 	5592921308094543680 8834 493455 3160646 28293
< 	5592921308094543680 8834 749405 3832106 28293
940634a940620
> 	5592921308094543680 8834 5522 1804210 28293
940638a940625
> 	5592921308094543680 8834 5782 91454 28293
940642a940630
> 	5592921308094543680 8834 10289 707492 28293
940645a940634
> 	5592921308094543680 8834 27828 1146691 28293
940649a940639
> 	5592921308094543680 8834 65251 1307517 28293
940653a940644
> 	5592921308094543680 8834 66593 2978039 28293
940656a940648
> 	5592921308094543680 8834 92893 2141934 28293
940660a940653
> 	5592921308094543680 8834 105314 1762404 28293
940662a940656
> 	5592921308094543680 8834 106348 1492107 28293
940665a940660
> 	5592921308094543680 8834 132606 1804217 28293
940671a940667
> 	5592921308094543680 8834 180896 2333215 28293
940680a940677
> 	5592921308094543680 8834 319162 3427806 28293
940690a940688
> 	5592921308094543680 8834 437989 2966539 28293
940691a940690
> 	5592921308094543680 8834 493455 3160646 28293
940693a940693
> 	5592921308094543680 8834 749405 3832106 28293
941632,941683d941631
< 	1799737256871959150 28698 52 5293 4476
< 	1799737256871959150 28698 52 6814 5542
< 	1799737256871959150 28698 466 179 177
< 	1799737256871959150 28698 488 179 177
< 	1799737256871959150 28698 488 5293 4476
< 	1799737256871959150 28698 488 6814 5542
< 	1799737256871959150 28698 1242 179 177
< 	1799737256871959150 28698 3536 179 177
< 	1799737256871959150 28698 3536 5293 4476
< 	1799737256871959150 28698 5884 6814 5542
< 	1799737256871959150 28698 10810 179 177
< 	1799737256871959150 28698 10810 5293 4476
< 	1799737256871959150 28698 10810 6814 5542
< 	1799737256871959150 28698 10956 179 177
< 	1799737256871959150 28698 10956 5293 4476
< 	1799737256871959150 28698 10956 6814 5542
< 	1799737256871959150 28698 12669 179 177
< 	1799737256871959150 28698 13361 179 177
< 	1799737256871959150 28698 13361 5293 4476
< 	1799737256871959150 28698 16126 179 177
< 	1799737256871959150 28698 16126 5293 4476
< 	1799737256871959150 28698 16126 6814 5542
< 	1799737256871959150 28698 27245 179 177
< 	1799737256871959150 28698 27245 5293 4476
< 	1799737256871959150 28698 27245 6814 5542
< 	1799737256871959150 28698 54379 5293 4476
< 	1799737256871959150 28698 54379 6814 5542
< 	1799737256871959150 28698 59641 179 177
< 	1799737256871959150 28698 65801 5293 4476
< 	1799737256871959150 28698 65801 6814 5542
< 	1799737256871959150 28698 73276 6814 5542
< 	1799737256871959150 28698 76359 5293 4476
< 	1799737256871959150 28698 116085 179 177
< 	1799737256871959150 28698 116085 5293 4476
< 	1799737256871959150 28698 116085 6814 5542
< 	1799737256871959150 28698 117371 5293 4476
< 	1799737256871959150 28698 117371 6814 5542
< 	1799737256871959150 28698 117934 6814 5542
< 	1799737256871959150 28698 136028 179 177
< 	1799737256871959150 28698 136028 5293 4476
< 	1799737256871959150 28698 150197 179 177
< 	1799737256871959150 28698 150197 5293 4476
< 	1799737256871959150 28698 150197 6814 5542
< 	1799737256871959150 28698 178947 179 177
< 	1799737256871959150 28698 178947 5293 4476
< 	1799737256871959150 28698 178947 6814 5542
< 	1799737256871959150 28698 233206 6814 5542
< 	1799737256871959150 28698 395188 5293 4476
< 	1799737256871959150 28698 467476 179 177
< 	1799737256871959150 28698 512893 5293 4476
< 	1799737256871959150 28698 836698 6814 5542
< 	5851252814446935968 28698 52 179 177
941689c941637
< 	5851252814446935968 28698 52 5293 4476
---
> 	1799737256871959150 28698 52 5293 4476
941712c941660
< 	5851252814446935968 28698 488 6814 5542
---
> 	1799737256871959150 28698 488 6814 5542
941717c941665
< 	5851252814446935968 28698 3536 179 177
---
> 	1799737256871959150 28698 3536 179 177
941733c941681
< 	5851252814446935968 28698 5884 6814 5542
---
> 	1799737256871959150 28698 5884 6814 5542
941751c941699
< 	5851252814446935968 28698 10810 179 177
---
> 	1799737256871959150 28698 10810 179 177
941754a941703
> 	1799737256871959150 28698 10810 5293 4476
941759c941708
< 	5851252814446935968 28698 10956 5293 4476
---
> 	1799737256871959150 28698 10956 5293 4476
941761c941710
< 	5851252814446935968 28698 12669 179 177
---
> 	1799737256871959150 28698 12669 179 177
941779c941728,941729
< 	5851252814446935968 28698 16126 6814 5542
---
> 	1799737256871959150 28698 16126 5293 4476
> 	1799737256871959150 28698 16126 6814 5542
941795c941745
< 	5851252814446935968 28698 27245 6814 5542
---
> 	1799737256871959150 28698 27245 6814 5542
941818c941768,941770
< 	5851252814446935968 28698 54379 6814 5542
---
> 	1799737256871959150 28698 54379 5293 4476
> 	1799737256871959150 28698 54379 6814 5542
> 	1799737256871959150 28698 59641 179 177
941831a941784
> 	1799737256871959150 28698 65801 6814 5542
941850a941804
> 	1799737256871959150 28698 73276 6814 5542
941868c941822,941823
< 	5851252814446935968 28698 116085 6814 5542
---
> 	1799737256871959150 28698 116085 5293 4476
> 	1799737256871959150 28698 116085 6814 5542
941874a941830
> 	1799737256871959150 28698 117371 6814 5542
941878a941835
> 	1799737256871959150 28698 117934 6814 5542
941892a941850
> 	1799737256871959150 28698 136028 5293 4476
941907,941908c941865,941866
< 	5851252814446935968 28698 150197 5293 4476
< 	5851252814446935968 28698 150197 6814 5542
---
> 	1799737256871959150 28698 150197 5293 4476
> 	1799737256871959150 28698 150197 6814 5542
941941a941900
> 	1799737256871959150 28698 233206 6814 5542
941990a941950
> 	1799737256871959150 28698 395188 5293 4476
942002a941963
> 	1799737256871959150 28698 467476 179 177
942010a941972
> 	1799737256871959150 28698 512893 5293 4476
942042a942005
> 	1799737256871959150 28698 836698 6814 5542
942099a942063
> 	6791565021519463524 37956 17 93 171
942108a942073
> 	6791565021519463524 37956 93 93 171
942117a942083
> 	6791565021519463524 37956 174 93 171
942127a942094
> 	6791565021519463524 37956 248 93 171
942136a942104
> 	6791565021519463524 37956 274 93 171
942143a942112
> 	6791565021519463524 37956 288 93 171
942152a942122
> 	6791565021519463524 37956 298 93 171
942161a942132
> 	6791565021519463524 37956 988 93 171
942170a942142
> 	6791565021519463524 37956 1256 93 171
942177a942150
> 	6791565021519463524 37956 1829 93 171
942186a942160
> 	6791565021519463524 37956 4074 93 171
942195a942170
> 	6791565021519463524 37956 4517 93 171
942204a942180
> 	6791565021519463524 37956 5603 93 171
942213a942190
> 	6791565021519463524 37956 7855 93 171
942222a942200
> 	6791565021519463524 37956 8783 93 171
942231a942210
> 	6791565021519463524 37956 11795 93 171
942238a942218
> 	6791565021519463524 37956 14722 93 171
942247a942228
> 	6791565021519463524 37956 14924 93 171
942255a942237
> 	6791565021519463524 37956 16763 93 171
942264a942247
> 	6791565021519463524 37956 23468 93 171
942273a942257
> 	6791565021519463524 37956 54225 93 171
942285,942305d942268
< 	6791565021519463524 37956 17 93 171
< 	6791565021519463524 37956 93 93 171
< 	6791565021519463524 37956 174 93 171
< 	6791565021519463524 37956 248 93 171
< 	6791565021519463524 37956 274 93 171
< 	6791565021519463524 37956 288 93 171
< 	6791565021519463524 37956 298 93 171
< 	6791565021519463524 37956 988 93 171
< 	6791565021519463524 37956 1256 93 171
< 	6791565021519463524 37956 1829 93 171
< 	6791565021519463524 37956 4074 93 171
< 	6791565021519463524 37956 4517 93 171
< 	6791565021519463524 37956 5603 93 171
< 	6791565021519463524 37956 7855 93 171
< 	6791565021519463524 37956 8783 93 171
< 	6791565021519463524 37956 11795 93 171
< 	6791565021519463524 37956 14722 93 171
< 	6791565021519463524 37956 14924 93 171
< 	6791565021519463524 37956 16763 93 171
< 	6791565021519463524 37956 23468 93 171
< 	6791565021519463524 37956 54225 93 171
942395d942357
< 	14329749696151252502 38623 62 65355 60546
942408d942369
< 	14329749696151252502 38623 443 17942 17376
942415,942416d942375
< 	14329749696151252502 38623 1334 46759 42858
< 	14329749696151252502 38623 1334 55584 502
942419d942377
< 	14329749696151252502 38623 1687 405688 353510
942421d942378
< 	14329749696151252502 38623 1880 46056 42260
942445d942401
< 	14329749696151252502 38623 10589 42177 44054
942456,942457d942411
< 	14329749696151252502 38623 63616 350508 356461
< 	14329749696151252502 38623 63616 892763 502
942614,942616d942567
< 	14329749696151252502 38623 62 112381 502
< 	14329749696151252502 38623 435 97039 112296
< 	14329749696151252502 38623 435 182055 502
942618,942620d942568
< 	14329749696151252502 38623 443 20551 502
< 	14329749696151252502 38623 689 15325 15462
< 	14329749696151252502 38623 689 27546 502
942625,942626d942572
< 	14329749696151252502 38623 1880 61517 502
< 	14329749696151252502 38623 4081 598907 518383
942629d942574
< 	14329749696151252502 38623 10589 56653 502
942634d942578
< 	14329749696151252502 38623 73263 213151 206415
942669a942614,942615
> 	7424363919133610044 12760 6708 126432 134790
> 	7424363919133610044 12760 6708 126432 242254
942671a942618
> 	7424363919133610044 12760 7178 101615 89684
942674,942689d942620
< 	6324939627505775006 12760 80489 798926 641272
< 	6324939627505775006 12760 121172 427724 349257
< 	6324939627505775006 12760 183584 514129 114713
< 	6324939627505775006 12760 183584 514129 604923
< 	6324939627505775006 12760 201627 611596 494340
< 	6324939627505775006 12760 204182 681709 114713
< 	6324939627505775006 12760 204182 681709 875047
< 	6324939627505775006 12760 241827 636851 532706
< 	6324939627505775006 12760 366392 1246852 991324
< 	6324939627505775006 12760 478640 1736290 1371559
< 	6324939627505775006 12760 557489 2786490 2191378
< 	6324939627505775006 12760 601091 2659521 2086808
< 	6324939627505775006 12760 685668 2880434 114713
< 	7424363919133610044 12760 6708 126432 134790
< 	7424363919133610044 12760 6708 126432 242254
< 	7424363919133610044 12760 7178 101615 89684
942691a942623
> 	6324939627505775006 12760 80489 798926 641272
942694a942627,942629
> 	6324939627505775006 12760 121172 427724 349257
> 	6324939627505775006 12760 183584 514129 114713
> 	6324939627505775006 12760 183584 514129 604923
942697a942633,942635
> 	6324939627505775006 12760 201627 611596 494340
> 	6324939627505775006 12760 204182 681709 114713
> 	6324939627505775006 12760 204182 681709 875047
942698a942637
> 	6324939627505775006 12760 241827 636851 532706
942699a942639
> 	6324939627505775006 12760 366392 1246852 991324
942700a942641
> 	6324939627505775006 12760 478640 1736290 1371559
942703a942645
> 	6324939627505775006 12760 557489 2786490 2191378
942704a942647
> 	6324939627505775006 12760 601091 2659521 2086808
942705a942649
> 	6324939627505775006 12760 685668 2880434 114713
942976a942921
> 	14170743816979115771 1998 59 3943 327376
942978a942924,942925
> 	14170743816979115771 1998 322 3943 24553
> 	14170743816979115771 1998 322 3943 27548
942980a942928,942929
> 	14170743816979115771 1998 563 3943 27548
> 	14170743816979115771 1998 563 3943 121611
942982a942932
> 	14170743816979115771 1998 1202 3943 593330
942984a942935,942936
> 	14170743816979115771 1998 1208 3943 27548
> 	14170743816979115771 1998 1208 3943 353401
942986a942939
> 	14170743816979115771 1998 1260 3943 358900
942988a942942
> 	14170743816979115771 1998 1683 3943 286251
942990a942945,942946
> 	14170743816979115771 1998 1865 3943 27548
> 	14170743816979115771 1998 1865 3943 263361
942992a942949,942951
> 	14170743816979115771 1998 1867 3943 409683
> 	14170743816979115771 1998 1867 3943 1227104
> 	14170743816979115771 1998 1867 3943 2141773
942998a942958,942959
> 	14170743816979115771 1998 4193 3943 27548
> 	14170743816979115771 1998 4193 3943 185259
943000a942962,942963
> 	14170743816979115771 1998 4377 3943 27548
> 	14170743816979115771 1998 4377 3943 109565
943001a942965,942966
> 	14170743816979115771 1998 4470 3943 27548
> 	14170743816979115771 1998 4470 3943 68000
943004a942970,942971
> 	14170743816979115771 1998 4550 3943 27548
> 	14170743816979115771 1998 4550 3943 140719
943005a942973,942974
> 	14170743816979115771 1998 4664 3943 27548
> 	14170743816979115771 1998 4664 3943 425671
943007a942977,942978
> 	14170743816979115771 1998 4715 3943 27548
> 	14170743816979115771 1998 4715 3943 463421
943010a942982
> 	14170743816979115771 1998 4827 3943 346186
943011a942984,942985
> 	14170743816979115771 1998 5223 3943 27548
> 	14170743816979115771 1998 5223 3943 454859
943013a942988,942989
> 	14170743816979115771 1998 5691 3943 27548
> 	14170743816979115771 1998 5691 3943 882324
943015a942992,942993
> 	14170743816979115771 1998 5811 3943 27548
> 	14170743816979115771 1998 5811 3943 387177
943017a942996,942997
> 	14170743816979115771 1998 6167 3943 27548
> 	14170743816979115771 1998 6167 3943 785841
943020a943001,943002
> 	14170743816979115771 1998 6242 3943 27548
> 	14170743816979115771 1998 6242 3943 558351
943021a943004,943007
> 	14170743816979115771 1998 6257 3943 27548
> 	14170743816979115771 1998 6257 3943 381336
> 	14170743816979115771 1998 6257 3943 1007972
> 	14170743816979115771 1998 6257 3943 1720362
943028a943015,943017
> 	14170743816979115771 1998 6313 3943 27548
> 	14170743816979115771 1998 6313 3943 276190
> 	14170743816979115771 1998 6313 3943 826017
943031a943021,943023
> 	14170743816979115771 1998 6362 3943 27548
> 	14170743816979115771 1998 6362 3943 540299
> 	14170743816979115771 1998 6362 3943 2084509
943034a943027
> 	14170743816979115771 1998 6639 3943 1245040
943035a943029
> 	14170743816979115771 1998 7509 3943 861054
943037a943032,943033
> 	14170743816979115771 1998 8307 3943 27548
> 	14170743816979115771 1998 8307 3943 226091
943039a943036
> 	14170743816979115771 1998 8572 3943 479598
943041a943039,943040
> 	14170743816979115771 1998 8579 3943 27548
> 	14170743816979115771 1998 8579 3943 94347
943044a943044
> 	14170743816979115771 1998 9940 3943 27548
943046a943047
> 	14170743816979115771 1998 10240 3943 1151428
943047a943049,943050
> 	14170743816979115771 1998 10515 3943 27548
> 	14170743816979115771 1998 10515 3943 979309
943049a943053,943054
> 	14170743816979115771 1998 10556 3943 27548
> 	14170743816979115771 1998 10556 3943 160515
943051a943057
> 	14170743816979115771 1998 10645 3943 282047
943054a943061,943062
> 	14170743816979115771 1998 10666 3943 27548
> 	14170743816979115771 1998 10666 3943 127065
943057a943066
> 	14170743816979115771 1998 12106 3943 879560
943058a943068
> 	14170743816979115771 1998 13014 3943 257911
943060a943071,943072
> 	14170743816979115771 1998 13811 3943 27548
> 	14170743816979115771 1998 13811 3943 517081
943063a943076,943077
> 	14170743816979115771 1998 13891 3943 27548
> 	14170743816979115771 1998 13891 3943 241607
943064a943079
> 	14170743816979115771 1998 15190 3943 492531
943067a943083,943084
> 	14170743816979115771 1998 15885 3943 27548
> 	14170743816979115771 1998 15885 3943 232746
943069a943087,943088
> 	14170743816979115771 1998 16543 3943 27548
> 	14170743816979115771 1998 16543 3943 1320926
943070a943090,943091
> 	14170743816979115771 1998 17320 3943 27548
> 	14170743816979115771 1998 17320 3943 356700
943072a943094
> 	14170743816979115771 1998 17338 3943 1309042
943073a943096,943097
> 	14170743816979115771 1998 20136 3943 27548
> 	14170743816979115771 1998 20136 3943 342477
943075a943100,943101
> 	14170743816979115771 1998 20454 3943 27548
> 	14170743816979115771 1998 20454 3943 566651
943078a943105
> 	14170743816979115771 1998 20627 3943 1079972
943079a943107,943108
> 	14170743816979115771 1998 22357 3943 27548
> 	14170743816979115771 1998 22357 3943 425701
943082a943112,943113
> 	14170743816979115771 1998 22652 3943 27548
> 	14170743816979115771 1998 22652 3943 685331
943083a943115,943116
> 	14170743816979115771 1998 24953 3943 27548
> 	14170743816979115771 1998 24953 3943 344227
943087a943121,943122
> 	14170743816979115771 1998 32489 3943 27548
> 	14170743816979115771 1998 32489 3943 193177
943089a943125
> 	14170743816979115771 1998 32895 3943 1193484
943091a943128
> 	14170743816979115771 1998 35012 3943 454122
943092a943130
> 	14170743816979115771 1998 35474 3943 1884647
943095a943134,943135
> 	14170743816979115771 1998 39563 3943 27548
> 	14170743816979115771 1998 39563 3943 329510
943097a943138,943139
> 	14170743816979115771 1998 43750 3943 27548
> 	14170743816979115771 1998 43750 3943 1643571
943101a943144
> 	14170743816979115771 1998 46541 3943 573350
943103a943147
> 	14170743816979115771 1998 52728 3943 897156
943104a943149
> 	14170743816979115771 1998 55734 3943 2594172
943107a943153
> 	14170743816979115771 1998 68529 3943 927826
943110a943157
> 	14170743816979115771 1998 69957 3943 2884473
943111a943159,943160
> 	14170743816979115771 1998 70458 3943 27548
> 	14170743816979115771 1998 70458 3943 699445
943113a943163,943164
> 	14170743816979115771 1998 70917 3943 27548
> 	14170743816979115771 1998 70917 3943 581057
943115a943167,943168
> 	14170743816979115771 1998 71442 3943 27548
> 	14170743816979115771 1998 71442 3943 559441
943116a943170,943171
> 	14170743816979115771 1998 75470 3943 27548
> 	14170743816979115771 1998 75470 3943 204323
943118a943174
> 	14170743816979115771 1998 83356 3943 445094
943119a943176
> 	14170743816979115771 1998 85830 3943 594127
943122a943180
> 	14170743816979115771 1998 86394 3943 638291
943124a943183
> 	14170743816979115771 1998 88267 3943 1605646
943126a943186,943187
> 	14170743816979115771 1998 91605 3943 27548
> 	14170743816979115771 1998 91605 3943 489989
943131a943193
> 	14170743816979115771 1998 100763 3943 27548
943133a943196
> 	14170743816979115771 1998 101252 3943 1553508
943135a943199,943200
> 	14170743816979115771 1998 106794 3943 27548
> 	14170743816979115771 1998 106794 3943 1864862
943136a943202
> 	14170743816979115771 1998 106795 3943 819988
943139a943206
> 	14170743816979115771 1998 111462 3943 484473
943141a943209
> 	14170743816979115771 1998 116850 3943 1520858
943145a943214
> 	14170743816979115771 1998 128733 3943 3119523
943146a943216
> 	14170743816979115771 1998 128735 3943 2084496
943148a943219
> 	14170743816979115771 1998 134773 3943 2392973
943149a943221,943222
> 	14170743816979115771 1998 143308 3943 27548
> 	14170743816979115771 1998 143308 3943 1385765
943154a943228
> 	14170743816979115771 1998 220172 3943 1071318
943155a943230
> 	14170743816979115771 1998 227676 3943 1643586
943158a943234
> 	14170743816979115771 1998 322676 3943 3123210
943161a943238
> 	14170743816979115771 1998 369981 3943 2332959
943162a943240
> 	14170743816979115771 1998 417658 3943 2332848
943164a943243
> 	14170743816979115771 1998 497557 3943 1868102
943169,943303d943247
< 	14170743816979115771 1998 59 3943 327376
< 	14170743816979115771 1998 322 3943 24553
< 	14170743816979115771 1998 322 3943 27548
< 	14170743816979115771 1998 563 3943 27548
< 	14170743816979115771 1998 563 3943 121611
< 	14170743816979115771 1998 1202 3943 593330
< 	14170743816979115771 1998 1208 3943 27548
< 	14170743816979115771 1998 1208 3943 353401
< 	14170743816979115771 1998 1260 3943 358900
< 	14170743816979115771 1998 1683 3943 286251
< 	14170743816979115771 1998 1865 3943 27548
< 	14170743816979115771 1998 1865 3943 263361
< 	14170743816979115771 1998 1867 3943 409683
< 	14170743816979115771 1998 1867 3943 1227104
< 	14170743816979115771 1998 1867 3943 2141773
< 	14170743816979115771 1998 4193 3943 27548
< 	14170743816979115771 1998 4193 3943 185259
< 	14170743816979115771 1998 4377 3943 27548
< 	14170743816979115771 1998 4377 3943 109565
< 	14170743816979115771 1998 4470 3943 27548
< 	14170743816979115771 1998 4470 3943 68000
< 	14170743816979115771 1998 4550 3943 27548
< 	14170743816979115771 1998 4550 3943 140719
< 	14170743816979115771 1998 4664 3943 27548
< 	14170743816979115771 1998 4664 3943 425671
< 	14170743816979115771 1998 4715 3943 27548
< 	14170743816979115771 1998 4715 3943 463421
< 	14170743816979115771 1998 4827 3943 346186
< 	14170743816979115771 1998 5223 3943 27548
< 	14170743816979115771 1998 5223 3943 454859
< 	14170743816979115771 1998 5691 3943 27548
< 	14170743816979115771 1998 5691 3943 882324
< 	14170743816979115771 1998 5811 3943 27548
< 	14170743816979115771 1998 5811 3943 387177
< 	14170743816979115771 1998 6167 3943 27548
< 	14170743816979115771 1998 6167 3943 785841
< 	14170743816979115771 1998 6242 3943 27548
< 	14170743816979115771 1998 6242 3943 558351
< 	14170743816979115771 1998 6257 3943 27548
< 	14170743816979115771 1998 6257 3943 381336
< 	14170743816979115771 1998 6257 3943 1007972
< 	14170743816979115771 1998 6257 3943 1720362
< 	14170743816979115771 1998 6313 3943 27548
< 	14170743816979115771 1998 6313 3943 276190
< 	14170743816979115771 1998 6313 3943 826017
< 	14170743816979115771 1998 6362 3943 27548
< 	14170743816979115771 1998 6362 3943 540299
< 	14170743816979115771 1998 6362 3943 2084509
< 	14170743816979115771 1998 6639 3943 1245040
< 	14170743816979115771 1998 7509 3943 861054
< 	14170743816979115771 1998 8307 3943 27548
< 	14170743816979115771 1998 8307 3943 226091
< 	14170743816979115771 1998 8572 3943 479598
< 	14170743816979115771 1998 8579 3943 27548
< 	14170743816979115771 1998 8579 3943 94347
< 	14170743816979115771 1998 9940 3943 27548
< 	14170743816979115771 1998 10240 3943 1151428
< 	14170743816979115771 1998 10515 3943 27548
< 	14170743816979115771 1998 10515 3943 979309
< 	14170743816979115771 1998 10556 3943 27548
< 	14170743816979115771 1998 10556 3943 160515
< 	14170743816979115771 1998 10645 3943 282047
< 	14170743816979115771 1998 10666 3943 27548
< 	14170743816979115771 1998 10666 3943 127065
< 	14170743816979115771 1998 12106 3943 879560
< 	14170743816979115771 1998 13014 3943 257911
< 	14170743816979115771 1998 13811 3943 27548
< 	14170743816979115771 1998 13811 3943 517081
< 	14170743816979115771 1998 13891 3943 27548
< 	14170743816979115771 1998 13891 3943 241607
< 	14170743816979115771 1998 15190 3943 492531
< 	14170743816979115771 1998 15885 3943 27548
< 	14170743816979115771 1998 15885 3943 232746
< 	14170743816979115771 1998 16543 3943 27548
< 	14170743816979115771 1998 16543 3943 1320926
< 	14170743816979115771 1998 17320 3943 27548
< 	14170743816979115771 1998 17320 3943 356700
< 	14170743816979115771 1998 17338 3943 1309042
< 	14170743816979115771 1998 20136 3943 27548
< 	14170743816979115771 1998 20136 3943 342477
< 	14170743816979115771 1998 20454 3943 27548
< 	14170743816979115771 1998 20454 3943 566651
< 	14170743816979115771 1998 20627 3943 1079972
< 	14170743816979115771 1998 22357 3943 27548
< 	14170743816979115771 1998 22357 3943 425701
< 	14170743816979115771 1998 22652 3943 27548
< 	14170743816979115771 1998 22652 3943 685331
< 	14170743816979115771 1998 24953 3943 27548
< 	14170743816979115771 1998 24953 3943 344227
< 	14170743816979115771 1998 32489 3943 27548
< 	14170743816979115771 1998 32489 3943 193177
< 	14170743816979115771 1998 32895 3943 1193484
< 	14170743816979115771 1998 35012 3943 454122
< 	14170743816979115771 1998 35474 3943 1884647
< 	14170743816979115771 1998 39563 3943 27548
< 	14170743816979115771 1998 39563 3943 329510
< 	14170743816979115771 1998 43750 3943 27548
< 	14170743816979115771 1998 43750 3943 1643571
< 	14170743816979115771 1998 46541 3943 573350
< 	14170743816979115771 1998 52728 3943 897156
< 	14170743816979115771 1998 55734 3943 2594172
< 	14170743816979115771 1998 68529 3943 927826
< 	14170743816979115771 1998 69957 3943 2884473
< 	14170743816979115771 1998 70458 3943 27548
< 	14170743816979115771 1998 70458 3943 699445
< 	14170743816979115771 1998 70917 3943 27548
< 	14170743816979115771 1998 70917 3943 581057
< 	14170743816979115771 1998 71442 3943 27548
< 	14170743816979115771 1998 71442 3943 559441
< 	14170743816979115771 1998 75470 3943 27548
< 	14170743816979115771 1998 75470 3943 204323
< 	14170743816979115771 1998 83356 3943 445094
< 	14170743816979115771 1998 85830 3943 594127
< 	14170743816979115771 1998 86394 3943 638291
< 	14170743816979115771 1998 88267 3943 1605646
< 	14170743816979115771 1998 91605 3943 27548
< 	14170743816979115771 1998 91605 3943 489989
< 	14170743816979115771 1998 100763 3943 27548
< 	14170743816979115771 1998 101252 3943 1553508
< 	14170743816979115771 1998 106794 3943 27548
< 	14170743816979115771 1998 106794 3943 1864862
< 	14170743816979115771 1998 106795 3943 819988
< 	14170743816979115771 1998 111462 3943 484473
< 	14170743816979115771 1998 116850 3943 1520858
< 	14170743816979115771 1998 128733 3943 3119523
< 	14170743816979115771 1998 128735 3943 2084496
< 	14170743816979115771 1998 134773 3943 2392973
< 	14170743816979115771 1998 143308 3943 27548
< 	14170743816979115771 1998 143308 3943 1385765
< 	14170743816979115771 1998 220172 3943 1071318
< 	14170743816979115771 1998 227676 3943 1643586
< 	14170743816979115771 1998 322676 3943 3123210
< 	14170743816979115771 1998 369981 3943 2332959
< 	14170743816979115771 1998 417658 3943 2332848
< 	14170743816979115771 1998 497557 3943 1868102
943592a943537
> 	10124700210142721097 23778 22 13 178
943593a943539,943540
> 	10124700210142721097 23778 23 13 178
> 	10124700210142721097 23778 30 13 178
943594a943542
> 	10124700210142721097 23778 85 13 178
943595a943544,943545
> 	10124700210142721097 23778 126 13 178
> 	10124700210142721097 23778 149 13 178
943599a943550,943551
> 	10124700210142721097 23778 746 13 178
> 	10124700210142721097 23778 837 13 178
943600a943553
> 	10124700210142721097 23778 912 13 178
943602a943556
> 	10124700210142721097 23778 1277 13 178
943603a943558
> 	10124700210142721097 23778 1604 13 178
943605a943561
> 	10124700210142721097 23778 3416 13 178
943606a943563
> 	10124700210142721097 23778 4156 13 178
943609,943628d943565
< 	9881207773436751085 23778 8757 13 21
< 	9881207773436751085 23778 10146 13 21
< 	9881207773436751085 23778 17236 13 21
< 	9881207773436751085 23778 22623 13 21
< 	9881207773436751085 23778 26387 13 21
< 	9881207773436751085 23778 47220 13 21
< 	9881207773436751085 23778 55485 13 21
< 	10124700210142721097 23778 22 13 178
< 	10124700210142721097 23778 23 13 178
< 	10124700210142721097 23778 30 13 178
< 	10124700210142721097 23778 85 13 178
< 	10124700210142721097 23778 126 13 178
< 	10124700210142721097 23778 149 13 178
< 	10124700210142721097 23778 746 13 178
< 	10124700210142721097 23778 837 13 178
< 	10124700210142721097 23778 912 13 178
< 	10124700210142721097 23778 1277 13 178
< 	10124700210142721097 23778 1604 13 178
< 	10124700210142721097 23778 3416 13 178
< 	10124700210142721097 23778 4156 13 178
943631a943569
> 	9881207773436751085 23778 8757 13 21
943632a943571
> 	9881207773436751085 23778 10146 13 21
943634a943574,943575
> 	9881207773436751085 23778 17236 13 21
> 	9881207773436751085 23778 22623 13 21
943636a943578,943580
> 	9881207773436751085 23778 26387 13 21
> 	9881207773436751085 23778 47220 13 21
> 	9881207773436751085 23778 55485 13 21
943651,943655d943594
< 	11730731270930525842 2237 16707 15256 14656
< 	11730731270930525842 2237 25042 51384 14656
< 	11730731270930525842 2237 25042 51384 48534
< 	11730731270930525842 2237 106246 190234 14656
< 	11730731270930525842 2237 106246 190234 168765
943659c943598
< 	15266486362761882718 2237 106246 190234 14656
---
> 	11730731270930525842 2237 106246 190234 14656
943661a943601
> 	5269037234149068494 28309 925 10394 10413
943664d943603
< 	5269037234149068494 28309 925 10394 10413
943673d943611
< 	10315469571489751455 27484 6462 110 279
943681d943618
< 	14531867648059391627 27484 59143 110 279
944518a944456
> 	12603648320440293628 1381 259 107832 94474
944520a944459
> 	12603648320440293628 1381 765 21055 20208
944522a944462
> 	12603648320440293628 1381 14516 617400 498308
944524a944465
> 	12603648320440293628 1381 17232 4033442 3157031
944526a944468
> 	12603648320440293628 1381 18332 1058595 844664
944528a944471
> 	12603648320440293628 1381 21240 1831070 1443258
944530a944474
> 	12603648320440293628 1381 32000 82483 73180
944532a944477
> 	12603648320440293628 1381 33585 1657376 1309743
944534a944480
> 	12603648320440293628 1381 40577 171669 146349
944536a944483
> 	12603648320440293628 1381 42124 690076 555368
944539a944487
> 	12603648320440293628 1381 49860 1492181 1179538
944541a944490
> 	12603648320440293628 1381 65323 1353913 1074598
944543a944493
> 	12603648320440293628 1381 80675 1123252 893583
944545a944496
> 	12603648320440293628 1381 87827 617399 498307
944546a944498
> 	12603648320440293628 1381 95871 750629 602885
944548a944501
> 	12603648320440293628 1381 102885 1339291 1060560
944550a944504
> 	12603648320440293628 1381 110692 2508586 1964416
944552a944507,944508
> 	12603648320440293628 1381 111388 617405 498311
> 	12603648320440293628 1381 112690 309594 256103
944556a944513
> 	12603648320440293628 1381 143026 868796 694648
944558a944516
> 	12603648320440293628 1381 150987 1384665 1098382
944560a944519
> 	12603648320440293628 1381 173694 919101 734157
944566,944587d944524
< 	12603648320440293628 1381 259 107832 94474
< 	12603648320440293628 1381 765 21055 20208
< 	12603648320440293628 1381 14516 617400 498308
< 	12603648320440293628 1381 17232 4033442 3157031
< 	12603648320440293628 1381 18332 1058595 844664
< 	12603648320440293628 1381 21240 1831070 1443258
< 	12603648320440293628 1381 32000 82483 73180
< 	12603648320440293628 1381 33585 1657376 1309743
< 	12603648320440293628 1381 40577 171669 146349
< 	12603648320440293628 1381 42124 690076 555368
< 	12603648320440293628 1381 49860 1492181 1179538
< 	12603648320440293628 1381 65323 1353913 1074598
< 	12603648320440293628 1381 80675 1123252 893583
< 	12603648320440293628 1381 87827 617399 498307
< 	12603648320440293628 1381 95871 750629 602885
< 	12603648320440293628 1381 102885 1339291 1060560
< 	12603648320440293628 1381 110692 2508586 1964416
< 	12603648320440293628 1381 111388 617405 498311
< 	12603648320440293628 1381 112690 309594 256103
< 	12603648320440293628 1381 143026 868796 694648
< 	12603648320440293628 1381 150987 1384665 1098382
< 	12603648320440293628 1381 173694 919101 734157
944610,944632d944546
< 	9466191470586345593 7827 1947 45882 18511
< 	9466191470586345593 7827 5596 928886 18511
< 	9466191470586345593 7827 5596 928886 979869
< 	9466191470586345593 7827 7110 315199 18511
< 	9466191470586345593 7827 7110 315199 294236
< 	9466191470586345593 7827 7323 397782 18511
< 	9466191470586345593 7827 7323 397782 344418
< 	9466191470586345593 7827 9596 668316 18511
< 	9466191470586345593 7827 9596 668316 558771
< 	9466191470586345593 7827 17353 502118 18511
< 	9466191470586345593 7827 17353 502118 427452
< 	9466191470586345593 7827 17764 695007 554172
< 	9466191470586345593 7827 41943 1522741 1140889
< 	9466191470586345593 7827 84740 424184 364001
< 	9466191470586345593 7827 95364 476803 18511
< 	9466191470586345593 7827 95364 476803 427453
< 	9466191470586345593 7827 103377 832129 18511
< 	9466191470586345593 7827 103377 832129 774980
< 	9466191470586345593 7827 160221 1238375 18511
< 	9466191470586345593 7827 160221 1238375 1054479
< 	9466191470586345593 7827 216493 1741524 1329594
< 	9466191470586345593 7827 250626 1056950 18511
< 	9466191470586345593 7827 250626 1056950 1322883
944635a944550
> 	9466191470586345593 7827 1947 45882 18511
944637a944553,944554
> 	9466191470586345593 7827 5596 928886 18511
> 	9466191470586345593 7827 5596 928886 979869
944639a944557,944558
> 	9466191470586345593 7827 7110 315199 18511
> 	9466191470586345593 7827 7110 315199 294236
944643a944563,944564
> 	9466191470586345593 7827 7323 397782 18511
> 	9466191470586345593 7827 7323 397782 344418
944646a944568,944571
> 	9466191470586345593 7827 9596 668316 18511
> 	9466191470586345593 7827 9596 668316 558771
> 	9466191470586345593 7827 17353 502118 18511
> 	9466191470586345593 7827 17353 502118 427452
944649a944575,944577
> 	9466191470586345593 7827 17764 695007 554172
> 	9466191470586345593 7827 41943 1522741 1140889
> 	9466191470586345593 7827 84740 424184 364001
944650a944579,944580
> 	9466191470586345593 7827 95364 476803 18511
> 	9466191470586345593 7827 95364 476803 427453
944652a944583,944584
> 	9466191470586345593 7827 103377 832129 18511
> 	9466191470586345593 7827 103377 832129 774980
944653a944586,944587
> 	9466191470586345593 7827 160221 1238375 18511
> 	9466191470586345593 7827 160221 1238375 1054479
944655a944590
> 	9466191470586345593 7827 216493 1741524 1329594
944656a944592,944593
> 	9466191470586345593 7827 250626 1056950 18511
> 	9466191470586345593 7827 250626 1056950 1322883
945051,945053d944987
< 	12057878999086460853 27961 29832 97072 90350
< 	12057878999086460853 27961 29832 206753 184520
< 	12057878999086460853 27961 32154 40640 39376
945055d944988
< 	12057878999086460853 27961 32154 191290 416
945062d944994
< 	12057878999086460853 27961 43330 71017 82072
945077d945008
< 	12057878999086460853 27961 104295 264622 223525
945092d945022
< 	12057878999086460853 27961 131849 264629 232328
945100d945029
< 	12057878999086460853 27961 156854 566876 497985
945107d945035
< 	12057878999086460853 27961 179297 649033 554929
945115d945042
< 	12057878999086460853 27961 181778 380762 428824
945121d945047
< 	12057878999086460853 27961 200248 841491 693946
945128d945053
< 	12057878999086460853 27961 244408 616511 498518
945132d945056
< 	12057878999086460853 27961 269729 1158540 966153
945139d945062
< 	12057878999086460853 27961 308406 1041707 832499
945145d945067
< 	12057878999086460853 27961 316763 1799564 1566789
945147d945068
< 	12057878999086460853 27961 317406 1262786 1058420
945152d945072
< 	12057878999086460853 27961 346665 1262778 1058413
945155d945074
< 	12057878999086460853 27961 356138 1041467 894143
945163d945081
< 	12057878999086460853 27961 399968 1041675 894423
945173d945090
< 	12057878999086460853 27961 463126 1335557 1061921
945185d945101
< 	12057878999086460853 27961 510431 1799795 1566984
945223,945225d945138
< 	12057878999086460853 27961 11405 362751 312080
< 	12057878999086460853 27961 12554 175965 153696
< 	12057878999086460853 27961 12554 273483 241839
945231d945143
< 	12057878999086460853 27961 32154 40640 82072
945233,945236d945144
< 	12057878999086460853 27961 32154 191290 173952
< 	12057878999086460853 27961 38499 142123 130137
< 	12057878999086460853 27961 38499 332186 285766
< 	12057878999086460853 27961 43330 71017 65630
945238d945145
< 	12057878999086460853 27961 43330 204717 177354
945241d945147
< 	12057878999086460853 27961 50126 347144 386192
945243,945245d945148
< 	12057878999086460853 27961 68522 231454 232299
< 	12057878999086460853 27961 95057 287447 260104
< 	12057878999086460853 27961 95057 505150 467061
945247,945249d945149
< 	12057878999086460853 27961 104295 376510 318009
< 	12057878999086460853 27961 112857 399701 359947
< 	12057878999086460853 27961 115206 431665 386100
945252d945151
< 	12057878999086460853 27961 131849 519325 440126
945255,945257d945153
< 	12057878999086460853 27961 155042 309352 300965
< 	12057878999086460853 27961 155042 701257 629664
< 	12057878999086460853 27961 156854 347107 330964
945259d945154
< 	12057878999086460853 27961 179297 413193 368604
945261,945262d945155
< 	12057878999086460853 27961 181311 940883 778524
< 	12057878999086460853 27961 181778 380762 82072
945264d945156
< 	12057878999086460853 27961 200248 486580 417137
945266d945157
< 	12057878999086460853 27961 224445 1393506 1176592
945268d945158
< 	12057878999086460853 27961 244408 940854 778499
945270d945159
< 	12057878999086460853 27961 269729 662979 535150
945272,945273d945160
< 	12057878999086460853 27961 292790 784242 630514
< 	12057878999086460853 27961 308406 940858 778502
945275,945276d945161
< 	12057878999086460853 27961 309283 1335834 1181591
< 	12057878999086460853 27961 316763 749480 661281
945278d945162
< 	12057878999086460853 27961 317406 867325 695387
945280d945163
< 	12057878999086460853 27961 346665 1041822 832627
945285,945287d945167
< 	12057878999086460853 27961 358674 867329 695394
< 	12057878999086460853 27961 369875 1073212 1058395
< 	12057878999086460853 27961 397744 1563953 1335525
945291d945170
< 	12057878999086460853 27961 418740 2159344 1954420
945293,945294d945171
< 	12057878999086460853 27961 422405 1488123 1577576
< 	12057878999086460853 27961 436473 1041466 832202
945299d945175
< 	12057878999086460853 27961 573165 1994106 1576771
945301d945176
< 	12057878999086460853 27961 621378 2495240 1969170
945732d945606
< 	12057878999086460853 27961 2830 55616 54517
945736d945609
< 	12057878999086460853 27961 4817 70213 68988
945738d945610
< 	12057878999086460853 27961 5357 23710 28153
945741,945743d945612
< 	12057878999086460853 27961 8990 94336 95421
< 	12057878999086460853 27961 8990 300336 256389
< 	12057878999086460853 27961 9791 12431 13271
945745d945613
< 	12057878999086460853 27961 9791 81462 80066
945747d945614
< 	12057878999086460853 27961 13567 32272 36688
945749,945750d945615
< 	12057878999086460853 27961 13567 83481 82432
< 	12057878999086460853 27961 31377 37512 38974
945770d945634
< 	12057878999086460853 27961 88197 160954 157648
945792d945655
< 	12057878999086460853 27961 215624 512999 440639
945812,945814d945674
< 	12057878999086460853 27961 2830 7881 9140
< 	12057878999086460853 27961 2830 7881 15823
< 	12057878999086460853 27961 2830 55616 4247
945816,945818d945675
< 	12057878999086460853 27961 4817 7539 8908
< 	12057878999086460853 27961 4817 7539 15823
< 	12057878999086460853 27961 4817 70213 4247
945820d945676
< 	12057878999086460853 27961 5357 23710 15823
945823,945824d945678
< 	12057878999086460853 27961 5357 48644 45601
< 	12057878999086460853 27961 8990 94336 15823
945829d945682
< 	12057878999086460853 27961 9791 12431 15823
945832d945684
< 	12057878999086460853 27961 13567 32272 15823
945834d945685
< 	12057878999086460853 27961 13567 83481 4247
945838,945848d945688
< 	12057878999086460853 27961 31377 617176 499384
< 	12057878999086460853 27961 44515 150399 15823
< 	12057878999086460853 27961 44515 150399 152415
< 	12057878999086460853 27961 44515 452248 386583
< 	12057878999086460853 27961 78709 153738 144162
< 	12057878999086460853 27961 78709 512782 428996
< 	12057878999086460853 27961 78872 124815 15823
< 	12057878999086460853 27961 78872 124815 116488
< 	12057878999086460853 27961 78872 388209 324773
< 	12057878999086460853 27961 79315 353331 15823
< 	12057878999086460853 27961 79315 353331 368396
945850,945853d945689
< 	12057878999086460853 27961 79315 1120136 1186556
< 	12057878999086460853 27961 80912 171595 167518
< 	12057878999086460853 27961 80912 463012 396141
< 	12057878999086460853 27961 88197 160954 15823
945855,945857d945690
< 	12057878999086460853 27961 88197 663541 556744
< 	12057878999086460853 27961 109936 228911 207874
< 	12057878999086460853 27961 109936 452238 428999
945859,945865d945691
< 	12057878999086460853 27961 130931 257950 232334
< 	12057878999086460853 27961 130931 543305 441203
< 	12057878999086460853 27961 130956 324410 15823
< 	12057878999086460853 27961 130956 324410 301091
< 	12057878999086460853 27961 130956 663522 556739
< 	12057878999086460853 27961 182026 918440 781997
< 	12057878999086460853 27961 201439 422127 360292
945870d945695
< 	12057878999086460853 27961 258409 717933 695177
945872d945696
< 	12057878999086460853 27961 422692 1216918 1062791
945876,945877d945699
< 	12057878999086460853 27961 572172 1694060 1342242
< 	12057878999086460853 27961 581856 1995233 1578736
947228a947051
> 	18054023944582974704 29479 3652 22479 938
947231a947055
> 	18054023944582974704 29479 24574 881122 938
947234a947059
> 	18054023944582974704 29479 26121 115360 938
947238a947064
> 	18054023944582974704 29479 51748 340627 938
947241a947068
> 	18054023944582974704 29479 52462 374405 938
947242a947070
> 	18054023944582974704 29479 330851 1232521 938
947245a947074
> 	18054023944582974704 29479 338308 3421555 938
947247a947077,947078
> 	18054023944582974704 29479 402617 2329583 938
> 	18054023944582974704 29479 422193 1917504 938
947257,947265d947087
< 	18054023944582974704 29479 3652 22479 938
< 	18054023944582974704 29479 24574 881122 938
< 	18054023944582974704 29479 26121 115360 938
< 	18054023944582974704 29479 51748 340627 938
< 	18054023944582974704 29479 52462 374405 938
< 	18054023944582974704 29479 330851 1232521 938
< 	18054023944582974704 29479 338308 3421555 938
< 	18054023944582974704 29479 402617 2329583 938
< 	18054023944582974704 29479 422193 1917504 938
947342a947165,947166
> 	15883819082848147291 33834 66969 261570 241501
> 	15883819082848147291 33834 66969 261570 251946
947344a947169,947170
> 	15883819082848147291 33834 72247 237122 225989
> 	15883819082848147291 33834 72247 237122 251946
947346a947173,947174
> 	15883819082848147291 33834 85048 264945 251945
> 	15883819082848147291 33834 85048 264945 251946
947348a947177
> 	15883819082848147291 33834 110319 752126 251946
947349a947179,947180
> 	15883819082848147291 33834 157520 691394 575285
> 	15883819082848147291 33834 335466 1710402 251946
947354,947365d947184
< 	6681959431487711739 33834 419172 1866568 1457614
< 	6681959431487711739 33834 467822 1642278 247338
< 	6681959431487711739 33834 573038 2331649 1762992
< 	15883819082848147291 33834 66969 261570 241501
< 	15883819082848147291 33834 66969 261570 251946
< 	15883819082848147291 33834 72247 237122 225989
< 	15883819082848147291 33834 72247 237122 251946
< 	15883819082848147291 33834 85048 264945 251945
< 	15883819082848147291 33834 85048 264945 251946
< 	15883819082848147291 33834 110319 752126 251946
< 	15883819082848147291 33834 157520 691394 575285
< 	15883819082848147291 33834 335466 1710402 251946
947367a947187
> 	6681959431487711739 33834 419172 1866568 1457614
947368a947189
> 	6681959431487711739 33834 467822 1642278 247338
947369a947191
> 	6681959431487711739 33834 573038 2331649 1762992
947604a947427
> 	18148216078185333086 35224 2553 521229 21410
947609a947433
> 	18148216078185333086 35224 2576 636568 21410
947614a947439
> 	18148216078185333086 35224 2984 2234767 21410
947615a947441
> 	18148216078185333086 35224 3133 34175 21410
947622a947449
> 	18148216078185333086 35224 3440 384876 21410
947628a947456
> 	18148216078185333086 35224 5797 1007923 21410
947631a947460
> 	18148216078185333086 35224 12358 894568 21410
947636a947466
> 	18148216078185333086 35224 14285 817197 21410
947643a947474
> 	18148216078185333086 35224 17254 652283 21410
947646a947478
> 	18148216078185333086 35224 17905 2435898 21410
947650a947483
> 	18148216078185333086 35224 18608 1322589 21410
947656a947490
> 	18148216078185333086 35224 22513 628958 21410
947658a947493,947494
> 	18148216078185333086 35224 31404 521229 21410
> 	18148216078185333086 35224 31404 1322579 21410
947662a947499,947500
> 	18148216078185333086 35224 36411 521229 21410
> 	18148216078185333086 35224 36411 865316 21410
947666a947505,947506
> 	18148216078185333086 35224 43779 521229 21410
> 	18148216078185333086 35224 43779 2233033 21410
947667a947508
> 	18148216078185333086 35224 57341 225940 21410
947671a947513
> 	18148216078185333086 35224 57341 521229 21410
947674a947517
> 	18148216078185333086 35224 77290 1658080 21410
947680a947524
> 	18148216078185333086 35224 89976 847460 21410
947682a947527
> 	18148216078185333086 35224 128983 1587342 21410
947686,947708d947530
< 	18148216078185333086 35224 2553 521229 21410
< 	18148216078185333086 35224 2576 636568 21410
< 	18148216078185333086 35224 2984 2234767 21410
< 	18148216078185333086 35224 3133 34175 21410
< 	18148216078185333086 35224 3440 384876 21410
< 	18148216078185333086 35224 5797 1007923 21410
< 	18148216078185333086 35224 12358 894568 21410
< 	18148216078185333086 35224 14285 817197 21410
< 	18148216078185333086 35224 17254 652283 21410
< 	18148216078185333086 35224 17905 2435898 21410
< 	18148216078185333086 35224 18608 1322589 21410
< 	18148216078185333086 35224 22513 628958 21410
< 	18148216078185333086 35224 31404 521229 21410
< 	18148216078185333086 35224 31404 1322579 21410
< 	18148216078185333086 35224 36411 521229 21410
< 	18148216078185333086 35224 36411 865316 21410
< 	18148216078185333086 35224 43779 521229 21410
< 	18148216078185333086 35224 43779 2233033 21410
< 	18148216078185333086 35224 57341 225940 21410
< 	18148216078185333086 35224 57341 521229 21410
< 	18148216078185333086 35224 77290 1658080 21410
< 	18148216078185333086 35224 89976 847460 21410
< 	18148216078185333086 35224 128983 1587342 21410
947944a947767
> 	11049827588209214993 15110 394 7251 51281
947945a947769
> 	11049827588209214993 15110 394 9294 175167
947946a947771
> 	11049827588209214993 15110 5791 18234 175167
947948c947773,947775
< 	4707845098036757304 15110 5950 180372 154808
---
> 	11049827588209214993 15110 5791 18808 51281
> 	11049827588209214993 15110 5950 180372 154808
> 	11049827588209214993 15110 5950 228154 175167
947951a947779,947780
> 	11049827588209214993 15110 6337 89297 175167
> 	11049827588209214993 15110 7680 62471 51281
947953a947783
> 	11049827588209214993 15110 7680 69654 175167
947954a947785
> 	11049827588209214993 15110 8762 29875 51281
947955a947787
> 	11049827588209214993 15110 8762 30338 175167
947958a947791
> 	11049827588209214993 15110 14308 160772 51281
947960a947794
> 	11049827588209214993 15110 14308 165825 175167
947965a947800
> 	11049827588209214993 15110 132288 1109905 886845
947968,947998d947802
< 	11049827588209214993 15110 394 7251 7558
< 	11049827588209214993 15110 394 7251 51281
< 	11049827588209214993 15110 394 9294 9598
< 	11049827588209214993 15110 394 9294 175167
< 	11049827588209214993 15110 5791 18234 17685
< 	11049827588209214993 15110 5791 18234 175167
< 	11049827588209214993 15110 5791 18808 18326
< 	11049827588209214993 15110 5791 18808 51281
< 	11049827588209214993 15110 5950 180372 154808
< 	11049827588209214993 15110 5950 228154 175167
< 	11049827588209214993 15110 5950 228154 193796
< 	11049827588209214993 15110 6337 73799 51281
< 	11049827588209214993 15110 6337 89297 80292
< 	11049827588209214993 15110 6337 89297 175167
< 	11049827588209214993 15110 7680 62471 51281
< 	11049827588209214993 15110 7680 62471 57466
< 	11049827588209214993 15110 7680 69654 64020
< 	11049827588209214993 15110 7680 69654 175167
< 	11049827588209214993 15110 8762 29875 28726
< 	11049827588209214993 15110 8762 29875 51281
< 	11049827588209214993 15110 8762 30338 29108
< 	11049827588209214993 15110 8762 30338 175167
< 	11049827588209214993 15110 8762 1318917 1050313
< 	11049827588209214993 15110 14308 160772 51281
< 	11049827588209214993 15110 14308 160772 141857
< 	11049827588209214993 15110 14308 165825 144973
< 	11049827588209214993 15110 14308 165825 175167
< 	11049827588209214993 15110 32199 574733 465911
< 	11049827588209214993 15110 32199 609886 493614
< 	11049827588209214993 15110 132288 1109905 886845
< 	11049827588209214993 15110 178964 1318918 1050314
949366,949375d949169
< 	4234324776601470847 22870 6939 28166 32469
< 	4234324776601470847 22870 6939 28166 47346
< 	4234324776601470847 22870 26301 170865 32469
< 	4234324776601470847 22870 26301 170865 288138
< 	4234324776601470847 22870 29281 65432 32469
< 	4234324776601470847 22870 29281 65432 86330
< 	4234324776601470847 22870 108364 204453 302799
< 	4234324776601470847 22870 216948 389124 418139
< 	4234324776601470847 22870 299903 605417 802520
< 	4234324776601470847 22870 625208 1613535 1476883
949377c949171
< 	6807466856501050204 22870 6939 28166 47346
---
> 	4234324776601470847 22870 6939 28166 47346
949385c949179
< 	6807466856501050204 22870 216948 389124 418139
---
> 	4234324776601470847 22870 216948 389124 418139
949391a949186
> 	4234324776601470847 22870 625208 1613535 1476883
949908,949910d949702
< 	1799737256871959150 28698 5338 34746 32319
< 	1799737256871959150 28698 361524 3476135 2719540
< 	1799737256871959150 28698 578096 3354864 2629677
949974a949767
> 	1799737256871959150 28698 361524 3476135 2719540
949994a949788
> 	1799737256871959150 28698 578096 3354864 2629677
950020,950022d949813
< 	1799737256871959150 28698 2830 9618 9732
< 	1799737256871959150 28698 2830 345382 284439
< 	1799737256871959150 28698 2830 345383 284440
950056,950068d949846
< 	1891368958739970708 37333 23 114160 22290
< 	1891368958739970708 37333 128 86577 22290
< 	1891368958739970708 37333 154 494637 22290
< 	1891368958739970708 37333 591 1613516 22290
< 	1891368958739970708 37333 723 351307 22290
< 	1891368958739970708 37333 1604 508133 22290
< 	1891368958739970708 37333 1701 707750 22290
< 	1891368958739970708 37333 1721 371061 22290
< 	1891368958739970708 37333 1755 161767 22290
< 	1891368958739970708 37333 4175 809393 22290
< 	1891368958739970708 37333 5090 211551 22290
< 	1891368958739970708 37333 7362 274291 22290
< 	1891368958739970708 37333 8663 1873443 22290
950069a949848
> 	1891368958739970708 37333 23 114160 22290
950070a949850
> 	1891368958739970708 37333 128 86577 22290
950071a949852
> 	1891368958739970708 37333 154 494637 22290
950073a949855
> 	1891368958739970708 37333 591 1613516 22290
950074a949857
> 	1891368958739970708 37333 723 351307 22290
950076a949860
> 	1891368958739970708 37333 1604 508133 22290
950077a949862
> 	1891368958739970708 37333 1701 707750 22290
950078a949864
> 	1891368958739970708 37333 1721 371061 22290
950079a949866
> 	1891368958739970708 37333 1755 161767 22290
950082a949870
> 	1891368958739970708 37333 4175 809393 22290
950083a949872
> 	1891368958739970708 37333 5090 211551 22290
950084a949874
> 	1891368958739970708 37333 7362 274291 22290
950085a949876
> 	1891368958739970708 37333 8663 1873443 22290
950094,950095c949885,949886
< 	6419561452391551089 37625 3210 49472 45207
< 	6419561452391551089 37625 12739 38361 35392
---
> 	14340390157469404125 37625 3210 49472 45207
> 	14340390157469404125 37625 12739 38361 35392
950100c949891
< 	6419561452391551089 37625 46662 126143 109851
---
> 	14340390157469404125 37625 46662 126143 109851
950106c949897
< 	6419561452391551089 37625 89249 119432 104133
---
> 	14340390157469404125 37625 89249 119432 104133
950113c949904
< 	6419561452391551089 37625 144819 225640 189257
---
> 	14340390157469404125 37625 144819 225640 189257
950118c949909
< 	6419561452391551089 37625 182852 308253 254975
---
> 	14340390157469404125 37625 182852 308253 254975
950120c949911
< 	6419561452391551089 37625 196337 339542 279742
---
> 	14340390157469404125 37625 196337 339542 279742
950126c949917
< 	6419561452391551089 37625 248808 471141 381631
---
> 	14340390157469404125 37625 248808 471141 381631
950139,950175d949929
< 	6419561452391551089 37625 521755 1301220 1011214
< 	6419561452391551089 37625 984415 3239591 2279395
< 	14340390157469404125 37625 2584 10637 10648
< 	14340390157469404125 37625 3210 49472 45207
< 	14340390157469404125 37625 12739 38361 35392
< 	14340390157469404125 37625 17687 55734 50490
< 	14340390157469404125 37625 20190 42868 39420
< 	14340390157469404125 37625 25904 250685 209449
< 	14340390157469404125 37625 34173 50025 45670
< 	14340390157469404125 37625 46662 126143 109851
< 	14340390157469404125 37625 48162 95139 83706
< 	14340390157469404125 37625 60041 71431 63887
< 	14340390157469404125 37625 65923 339541 278427
< 	14340390157469404125 37625 72656 286340 239059
< 	14340390157469404125 37625 85511 112957 98768
< 	14340390157469404125 37625 89249 119432 104133
< 	14340390157469404125 37625 93020 131806 114194
< 	14340390157469404125 37625 104567 147984 127598
< 	14340390157469404125 37625 122383 180177 153784
< 	14340390157469404125 37625 124404 184932 156952
< 	14340390157469404125 37625 127638 190108 161918
< 	14340390157469404125 37625 144819 225640 189257
< 	14340390157469404125 37625 156934 317836 262563
< 	14340390157469404125 37625 172034 303603 252785
< 	14340390157469404125 37625 174632 290439 240327
< 	14340390157469404125 37625 182852 308253 254975
< 	14340390157469404125 37625 184443 483020 390035
< 	14340390157469404125 37625 196337 339542 279742
< 	14340390157469404125 37625 203583 358104 293303
< 	14340390157469404125 37625 213746 378669 313066
< 	14340390157469404125 37625 225768 410786 335863
< 	14340390157469404125 37625 248808 471141 381631
< 	14340390157469404125 37625 269582 523685 424545
< 	14340390157469404125 37625 309767 632749 510937
< 	14340390157469404125 37625 340875 710198 581179
< 	14340390157469404125 37625 340876 710199 581178
< 	14340390157469404125 37625 476902 1098333 902225
950177a949932
> 	6419561452391551089 37625 984415 3239591 2279395
950300a950056
> 0
950303a950060
> 2645
950304a950062
> 3981
950305a950064
> 4267
950333a950093
> 14073
950335a950096
> 14758
950362a950124
> 24903
950367a950130
> 26688
950376a950140
> 28197
950411a950176
> 37214
950448a950214
> 46311
950450a950217
> 47948
950656a950424
> 119382
950707a950476
> 136285
950749a950519
> 154278
950767a950538
> 163326
950817a950589
> 187697
950851a950624
> 208020
950861a950635
> 211704
950865a950640
> 214166
950879a950655,950656
> 221449
> 221693
950889a950667
> 225697
950891a950670
> 226745
950911a950691
> 241892
950936a950717
> 253934
951006a950788
> 286227
951036a950819
> 299896
951121a950905
> 329633
951129a950914
> 336669
951158a950944
> 352795
951263a951050
> 409317
951279a951067
> 419505
951280a951069
> 419958
951315a951105
> 438302
951457a951248
> 509676
951484a951276
> 523866
951606a951399
> 595937
951628a951422
> 608382
951814a951609
> 733286
951833a951629
> 744750
951876a951673
> 767835
951963a951761
> 828054
952151a951950
> 973007
952169a951969
> 991132
952264a952065
> 1084360
952422a952224
> 1231542
952454a952257
> 1255894
952925a952729
> 1712546
952926a952731
> 1713834
952992a952798
> 1788944
953245a953052
> 2076945
954132a953940
> 3451834
954330a954139
> 3843300
958012a957822
> 0
958131a957942
> 2167043
958263a958075
> 8639396
958431a958244
> 0
958433a958247
> 1145
958446a958261
> 4037
958453a958269
> 5419
958454a958271
> 5731
958478a958296
> 9462
958481a958300
> 10305
958497a958317,958318
> 14908
> 14952
958502a958324
> 16940
958516a958339
> 19272
958530a958354
> 21607
958534a958359
> 22195
958548a958374
> 24266
958577a958404
> 28741
958588a958416
> 30934
958623a958452
> 38360
958670a958500
> 48883
958680a958511
> 50249
958683a958515
> 51046
958685a958518
> 51641
958706a958540
> 57011
958711a958546
> 58006
958712a958548
> 58382
958718a958555
> 59570
958728a958566
> 62382
958732a958571
> 64588
958795a958635
> 75949
958805a958646
> 79767
958815a958657
> 81091
958833a958676
> 85077
958887a958731
> 102565
958940a958785
> 119898
958990a958836
> 129097
959033a958880
> 142963
959107a958955
> 159666
959112a958961,958962
> 161564
> 161608
959188a959039
> 181344
959249a959101
> 197475
959252a959105,959106
> 198547
> 198661
959299a959154
> 210814
959394a959250
> 234675
959444a959301
> 248994
959511a959369
> 269350
959515a959374
> 269927
959581a959441
> 290119
959619a959480
> 301184
959624a959486
> 302479
959641a959504
> 304810
959644a959508
> 305923
959761a959626
> 338095
959812a959678
> 353792
959822a959689
> 356055
959831a959699
> 358608
959881a959750,959751
> 373720
> 374096
960054a959925
> 428139
960095a959967
> 441838
960108a959981
> 445906
960243a960117
> 491100
960292a960167
> 503116
960359a960235
> 530671
960370a960247
> 535042
960374a960252
> 536865
960574a960453
> 616192
960671a960551
> 660881
960817a960698
> 717842
960885a960767
> 744459
960939a960822
> 765789
961027a960911
> 800605
961030a960915
> 801242
961123a961009
> 841325
961316a961203
> 921123
961563a961451
> 1038000
962052a961941
> 1297734
962764a962654
> 1691394
963124a963015
> 1932741
973341a973233
> 13161
973361a973254
> 22279
973418a973312
> 52710
973609a973504
> 178968
973611a973507
> 182666
973616a973513
> 188070
973668a973566
> 218739
974636a974535
> 1107742
974696a974596
> 1177627
975913a975814
> 2517500
988667a988569
> 	16237674002131675972 21065 16723 25062 14433
988669a988572
> 	16237674002131675972 21065 26909 25062 14433
988671a988575
> 	16237674002131675972 21065 44969 25062 14433
988674a988579
> 	16237674002131675972 21065 134475 25062 14433
988676a988582
> 	16237674002131675972 21065 314450 25062 14433
988682,988686d988587
< 	16237674002131675972 21065 16723 25062 14433
< 	16237674002131675972 21065 26909 25062 14433
< 	16237674002131675972 21065 44969 25062 14433
< 	16237674002131675972 21065 134475 25062 14433
< 	16237674002131675972 21065 314450 25062 14433
